PlaceSpaceParts:	7.335565:1.757189E-16:-6.854698	0.5399238:0.7942981:0.6111734
PlaceSpaceParts:	-9.324381:1.887285E-16:-9.198303	0.6391318:0.8592675:0.9363614
